LOTTERY PREDICTIONS - 2025-05-05
==================================================

1. 9, 10, 26, 42, 46, 56
2. 9, 10, 35, 42, 46, 56
3. 9, 10, 26, 42, 56, 59
4. 9, 20, 26, 42, 46, 56
5. 9, 10, 15, 26, 42, 56
6. 5, 19, 26, 42, 46, 56
7. 4, 9, 26, 41, 46, 56
8. 9, 13, 26, 46, 54, 56
9. 9, 23, 26, 42, 46, 51
10. 3, 8, 10, 26, 42, 46
11. 10, 26, 45, 46, 48, 56
12. 6, 9, 10, 20, 26, 42
13. 9, 10, 14, 30, 46, 56
14. 10, 14, 15, 26, 42, 46
15. 9, 10, 26, 27, 51, 56
16. 9, 10, 11, 37, 46, 56
17. 5, 10, 26, 42, 46, 47
18. 9, 10, 14, 26, 42, 57
19. 5, 9, 26, 46, 47, 56
20. 9, 26, 42, 45, 56, 59

==================================================
Generated 20 predictions
